version 1
nodes
  0 "Bip01" -1
  1 "Bip01 Pelvis" 0
  2 "Bip01 L Leg" 1
  3 "Bip01 L Leg1" 2
  4 "Bip01 L Foot" 3
  5 "Bip01 R Leg" 1
  6 "Bip01 R Leg1" 5
  7 "Bip01 R Foot" 6
  8 "Bip01 Spine" 1
  9 "Bip01 Spine1" 8
  10 "Bip01 Spine2" 9
  11 "Bip01 Spine3" 10
  12 "Bip01 Neck" 11
  13 "Bip01 L Arm" 12
  14 "Bip01 L Arm1" 13
  15 "Bip01 L Arm2" 14
  16 "Bip01 L Hand" 15
  17 "Bip01 R Arm" 12
  18 "Bip01 R Arm1" 17
  19 "Bip01 R Arm2" 18
  20 "Bip01 R Hand" 19
  21 "Bip01 Head" 12
end
skeleton
  time 0
    0 -0.317114 -0.287846 31.139324 0.000000 0.000000 -1.570795
    1 -0.526041 0.000001 9.745319 -1.570795 -1.570451 0.000000
    2 -0.000007 0.000010 5.615750 -3.141592 -0.148352 3.041593
    3 17.942343 0.000000 0.000001 0.000000 0.000000 -0.234906
    4 19.951912 0.000000 0.000000 0.014919 -0.147606 0.133804
    5 0.000008 -0.000006 -5.615750 -3.141592 0.148355 3.041593
    6 17.942341 0.000000 -0.000001 0.000000 0.000000 -0.200000
    7 19.951914 0.000000 -0.000001 -0.014919 0.147606 0.098897
    8 1.384659 -0.004702 0.000002 -0.000004 -0.000001 0.105516
    9 5.940308 -0.004704 0.000000 0.000000 0.000000 0.104720
    10 5.940225 -0.003953 0.000000 0.000000 0.000000 0.104720
    11 4.991441 -0.003975 0.000000 0.000000 0.000000 0.000000
    12 4.991440 -0.001575 0.000000 0.000000 0.000000 0.000000
    13 0.000000 0.001565 3.638375 -0.000010 -1.283530 3.140806
    14 8.842831 0.000001 0.000000 -0.328182 -0.230393 0.046991
    15 12.331353 0.000000 -0.000001 0.000000 0.000000 -0.069100
    16 10.630505 0.000000 -0.000004 -1.569177 0.008673 0.043635
    17 0.000000 0.001585 -3.638375 -0.000010 1.283530 3.140787
    18 8.842831 0.000000 -0.000001 0.328855 0.238653 0.049885
    19 12.331354 0.000000 -0.000002 0.000000 0.000000 -0.069100
    20 10.630505 0.000000 0.000001 1.569177 -0.008673 0.043635
    21 1.977378 0.000000 0.000000 0.000000 0.000000 -0.157877
end
triangles
indian.bmp
  21 1.552924 -9.611585 76.818261 0.915091 -0.289997 0.280197 0.329412 0.011765
  21 1.562931 -5.334030 77.426395 0.796933 0.052002 0.601825 0.419608 0.019608
  21 -0.357077 -11.037074 77.442502 0.101698 -0.652787 0.750684 0.301961 0.054902
indian.bmp
  21 -0.357077 -11.037074 77.442502 0.101698 -0.652787 0.750684 0.301961 0.054902
  21 1.562931 -5.334030 77.426395 0.796933 0.052002 0.601825 0.419608 0.019608
  21 -0.357069 -5.364443 77.745576 -0.002100 0.246791 0.969066 0.435294 0.054902
indian.bmp
  21 1.562931 -5.334030 77.426395 0.796933 0.052002 0.601825 0.419608 0.019608
  21 1.492933 -1.817879 75.878498 0.777824 0.407212 0.478715 0.505882 0.015686
  21 -0.357069 -5.364443 77.745576 -0.002100 0.246791 0.969066 0.435294 0.054902
indian.bmp
  21 -0.357069 -5.364443 77.745576 -0.002100 0.246791 0.969066 0.435294 0.054902
  21 1.492933 -1.817879 75.878498 0.777824 0.407212 0.478715 0.505882 0.015686
  21 -0.357066 -1.846254 76.248629 0.002200 0.820885 0.571089 0.552941 0.054902
indian.bmp
  21 1.492933 -1.817879 75.878498 0.777824 0.407212 0.478715 0.505882 0.015686
  21 1.492928 -0.578753 71.134094 0.721811 0.520008 -0.456707 0.576471 0.011765
  21 -0.357066 -1.846254 76.248629 0.002200 0.820885 0.571089 0.552941 0.054902
indian.bmp
  21 -0.357066 -1.846254 76.248629 0.002200 0.820885 0.571089 0.552941 0.054902
  21 1.492928 -0.578753 71.134094 0.721811 0.520008 -0.456707 0.576471 0.011765
  21 -0.367073 1.517565 68.388799 -0.430788 0.806878 -0.404189 0.584314 0.054902
indian.bmp
  21 1.492928 -0.578753 71.134094 0.721811 0.520008 -0.456707 0.576471 0.011765
  21 -2.297074 -1.934473 70.999897 -0.857190 0.437995 -0.270897 0.607843 0.101961
  21 -0.367073 1.517565 68.388799 -0.430788 0.806878 -0.404189 0.584314 0.054902
indian.bmp
  21 -0.367073 1.517565 68.388799 -0.430788 0.806878 -0.404189 0.584314 0.054902
  21 -2.297074 -1.934473 70.999897 -0.857190 0.437995 -0.270897 0.607843 0.101961
  21 -2.307072 -0.578748 71.134100 -0.870646 0.491626 0.016701 0.572549 0.094118
indian.bmp
  21 -2.297074 -1.934473 70.999897 -0.857190 0.437995 -0.270897 0.607843 0.101961
  21 -2.277070 -3.020899 74.654767 -0.982654 0.126294 0.135794 0.498039 0.105882
  21 -2.307072 -0.578748 71.134100 -0.870646 0.491626 0.016701 0.572549 0.094118
indian.bmp
  21 -2.307072 -0.578748 71.134100 -0.870646 0.491626 0.016701 0.572549 0.094118
  21 -2.277070 -3.020899 74.654767 -0.982654 0.126294 0.135794 0.498039 0.105882
  21 -2.287067 -1.817874 75.878504 -0.778125 0.409213 0.476515 0.498039 0.094118
indian.bmp
  21 -2.277070 -3.020899 74.654767 -0.982654 0.126294 0.135794 0.498039 0.105882
  21 -2.347073 -6.005760 75.598486 -0.972392 0.035100 0.230698 0.415686 0.109804
  21 -2.287067 -1.817874 75.878504 -0.778125 0.409213 0.476515 0.498039 0.094118
indian.bmp
  21 -2.287067 -1.817874 75.878504 -0.778125 0.409213 0.476515 0.498039 0.094118
  21 -2.347073 -6.005760 75.598486 -0.972392 0.035100 0.230698 0.415686 0.109804
  21 -2.357069 -5.367259 77.380624 -0.795985 0.046999 0.603489 0.423529 0.098039
indian.bmp
  21 -2.347073 -6.005760 75.598486 -0.972392 0.035100 0.230698 0.415686 0.109804
  21 -2.337078 -9.607178 75.259684 -0.809711 -0.527607 0.256903 0.313725 0.109804
  21 -2.357069 -5.367259 77.380624 -0.795985 0.046999 0.603489 0.423529 0.098039
indian.bmp
  21 -2.357069 -5.367259 77.380624 -0.795985 0.046999 0.603489 0.423529 0.098039
  21 -2.337078 -9.607178 75.259684 -0.809711 -0.527607 0.256903 0.313725 0.109804
  21 -2.347076 -9.611579 76.818267 -0.749709 -0.621907 0.226203 0.329412 0.098039
indian.bmp
  21 -2.337078 -9.607178 75.259684 -0.809711 -0.527607 0.256903 0.313725 0.109804
  21 -0.357079 -10.401992 75.163890 -0.187593 -0.966461 -0.175393 0.274510 0.054902
  21 -2.347076 -9.611579 76.818267 -0.749709 -0.621907 0.226203 0.329412 0.098039
indian.bmp
  21 -2.347076 -9.611579 76.818267 -0.749709 -0.621907 0.226203 0.329412 0.098039
  21 -0.357079 -10.401992 75.163890 -0.187593 -0.966461 -0.175393 0.274510 0.054902
  21 -0.357077 -11.037074 77.442502 0.101698 -0.652787 0.750684 0.301961 0.054902
indian.bmp
  21 -0.357079 -10.401992 75.163890 -0.187593 -0.966461 -0.175393 0.274510 0.054902
  21 1.552922 -9.607183 75.259679 0.752359 -0.651765 -0.095695 0.298039 0.000000
  21 -0.357077 -11.037074 77.442502 0.101698 -0.652787 0.750684 0.301961 0.054902
indian.bmp
  21 -0.357077 -11.037074 77.442502 0.101698 -0.652787 0.750684 0.301961 0.054902
  21 1.552922 -9.607183 75.259679 0.752359 -0.651765 -0.095695 0.298039 0.000000
  21 1.552924 -9.611585 76.818261 0.915091 -0.289997 0.280197 0.329412 0.011765
indian.bmp
  21 1.552922 -9.607183 75.259679 0.752359 -0.651765 -0.095695 0.298039 0.000000
  21 1.562927 -6.005765 75.598480 0.999984 0.005300 -0.002200 0.415686 0.003922
  21 1.552924 -9.611585 76.818261 0.915091 -0.289997 0.280197 0.329412 0.011765
indian.bmp
  21 1.552924 -9.611585 76.818261 0.915091 -0.289997 0.280197 0.329412 0.011765
  21 1.562927 -6.005765 75.598480 0.999984 0.005300 -0.002200 0.415686 0.003922
  21 1.562931 -5.334030 77.426395 0.796933 0.052002 0.601825 0.419608 0.019608
indian.bmp
  21 1.562927 -6.005765 75.598480 0.999984 0.005300 -0.002200 0.415686 0.003922
  21 1.492930 -3.020904 74.654761 0.999984 0.005300 -0.002200 0.509804 0.003922
  21 1.562931 -5.334030 77.426395 0.796933 0.052002 0.601825 0.419608 0.019608
indian.bmp
  21 1.562931 -5.334030 77.426395 0.796933 0.052002 0.601825 0.419608 0.019608
  21 1.492930 -3.020904 74.654761 0.999984 0.005300 -0.002200 0.509804 0.003922
  21 1.492933 -1.817879 75.878498 0.777824 0.407212 0.478715 0.505882 0.015686
indian.bmp
  21 1.492930 -3.020904 74.654761 0.999984 0.005300 -0.002200 0.509804 0.003922
  21 1.492926 -1.934478 70.999891 0.894401 0.040800 -0.445401 0.607843 0.000000
  21 1.492933 -1.817879 75.878498 0.777824 0.407212 0.478715 0.505882 0.015686
indian.bmp
  21 1.492933 -1.817879 75.878498 0.777824 0.407212 0.478715 0.505882 0.015686
  21 1.492926 -1.934478 70.999891 0.894401 0.040800 -0.445401 0.607843 0.000000
  21 1.492928 -0.578753 71.134094 0.721811 0.520008 -0.456707 0.576471 0.011765
indian.bmp
  21 1.492926 -1.934478 70.999891 0.894401 0.040800 -0.445401 0.607843 0.000000
  21 -2.297074 -1.934473 70.999897 -0.857190 0.437995 -0.270897 0.607843 0.101961
  21 1.492928 -0.578753 71.134094 0.721811 0.520008 -0.456707 0.576471 0.011765
indian.bmp
  21 7.772936 3.606919 72.831282 0.000000 -0.196097 0.980585 0.266667 0.054902
  21 -0.107067 -1.483644 75.303793 0.000000 0.000000 1.000000 0.000000 0.023529
  21 5.342934 2.214358 72.610233 0.000000 0.000000 1.000000 0.196078 0.000000
indian.bmp
  21 7.772936 3.606919 72.831282 0.000000 -0.196097 0.980585 0.266667 0.054902
  21 0.212934 -1.481770 76.184983 0.000000 -0.371391 0.928477 0.000000 0.070588
  21 -0.107067 -1.483644 75.303793 0.000000 0.000000 1.000000 0.000000 0.023529
indian.bmp
  21 7.772936 3.606919 72.831282 0.000000 -0.196097 0.980585 0.266667 0.054902
  21 6.062937 2.266232 74.643507 0.000000 -0.371391 0.928477 0.188235 0.105882
  21 0.212934 -1.481770 76.184983 0.000000 -0.371391 0.928477 0.000000 0.070588
indian.bmp
  21 7.772936 3.606919 72.831282 0.000000 -0.196097 0.980585 0.266667 0.054902
  21 0.212934 -1.481770 76.184983 0.000000 -0.371391 0.928477 0.000000 0.070588
  21 6.062937 2.266232 74.643507 0.000000 -0.371391 0.928477 0.188235 0.105882
indian.bmp
  21 7.772936 3.606919 72.831282 0.000000 -0.196097 0.980585 0.266667 0.054902
  21 -0.107067 -1.483644 75.303793 0.000000 0.000000 1.000000 0.000000 0.023529
  21 0.212934 -1.481770 76.184983 0.000000 -0.371391 0.928477 0.000000 0.070588
indian.bmp
  21 7.772936 3.606919 72.831282 0.000000 -0.196097 0.980585 0.266667 0.054902
  21 5.342934 2.214358 72.610233 0.000000 0.000000 1.000000 0.196078 0.000000
  21 -0.107067 -1.483644 75.303793 0.000000 0.000000 1.000000 0.000000 0.023529
indian.bmp
  21 5.532931 2.941468 69.688091 -0.688247 -0.229416 -0.688247 0.266667 0.054902
  21 0.152934 -1.701245 76.291896 0.000000 0.000000 -1.000000 0.000000 0.070588
  21 4.712933 1.869003 72.170655 0.000000 0.000000 0.000000 0.184314 0.105882
indian.bmp
  21 5.532931 2.941468 69.688091 -0.688247 -0.229416 -0.688247 0.266667 0.054902
  21 -0.407067 -1.872743 75.586286 -0.688247 -0.229416 -0.688247 0.000000 0.023529
  21 0.152934 -1.701245 76.291896 0.000000 0.000000 -1.000000 0.000000 0.070588
indian.bmp
  21 5.532931 2.941468 69.688091 -0.688247 -0.229416 -0.688247 0.266667 0.054902
  21 3.282930 1.457032 70.556105 -0.744187 -0.248096 -0.620189 0.196078 0.000000
  21 -0.407067 -1.872743 75.586286 -0.688247 -0.229416 -0.688247 0.000000 0.023529
indian.bmp
  21 5.532931 2.941468 69.688091 -0.688247 -0.229416 -0.688247 0.266667 0.054902
  21 -0.407067 -1.872743 75.586286 -0.688247 -0.229416 -0.688247 0.000000 0.023529
  21 3.282930 1.457032 70.556105 -0.744187 -0.248096 -0.620189 0.196078 0.000000
indian.bmp
  21 5.532931 2.941468 69.688091 -0.688247 -0.229416 -0.688247 0.266667 0.054902
  21 0.152934 -1.701245 76.291896 0.000000 0.000000 -1.000000 0.000000 0.070588
  21 -0.407067 -1.872743 75.586286 -0.688247 -0.229416 -0.688247 0.000000 0.023529
indian.bmp
  21 5.532931 2.941468 69.688091 -0.688247 -0.229416 -0.688247 0.266667 0.054902
  21 4.712933 1.869003 72.170655 0.000000 0.000000 0.000000 0.184314 0.105882
  21 0.152934 -1.701245 76.291896 0.000000 0.000000 -1.000000 0.000000 0.070588
indian.bmp
  21 -0.357077 -11.037074 77.442502 0.101698 -0.652787 0.750684 0.301961 0.054902
  21 -0.357069 -5.364443 77.745576 -0.002100 0.246791 0.969066 0.435294 0.054902
  21 -2.357069 -5.367259 77.380624 -0.795985 0.046999 0.603489 0.423529 0.098039
indian.bmp
  21 -2.357069 -5.367259 77.380624 -0.795985 0.046999 0.603489 0.423529 0.098039
  21 -0.357069 -5.364443 77.745576 -0.002100 0.246791 0.969066 0.435294 0.054902
  21 -2.287067 -1.817874 75.878504 -0.778125 0.409213 0.476515 0.498039 0.094118
indian.bmp
  21 -0.357069 -5.364443 77.745576 -0.002100 0.246791 0.969066 0.435294 0.054902
  21 -0.357066 -1.846254 76.248629 0.002200 0.820885 0.571089 0.552941 0.054902
  21 -2.287067 -1.817874 75.878504 -0.778125 0.409213 0.476515 0.498039 0.094118
indian.bmp
  21 -2.287067 -1.817874 75.878504 -0.778125 0.409213 0.476515 0.498039 0.094118
  21 -0.357066 -1.846254 76.248629 0.002200 0.820885 0.571089 0.552941 0.054902
  21 -2.307072 -0.578748 71.134100 -0.870646 0.491626 0.016701 0.572549 0.094118
indian.bmp
  21 -0.357066 -1.846254 76.248629 0.002200 0.820885 0.571089 0.552941 0.054902
  21 -0.367073 1.517565 68.388799 -0.430788 0.806878 -0.404189 0.584314 0.054902
  21 -2.307072 -0.578748 71.134100 -0.870646 0.491626 0.016701 0.572549 0.094118
indian.bmp
  21 -0.357077 -11.037074 77.442502 0.101698 -0.652787 0.750684 0.301961 0.054902
  21 -2.357069 -5.367259 77.380624 -0.795985 0.046999 0.603489 0.423529 0.098039
  21 -2.347076 -9.611579 76.818267 -0.749709 -0.621907 0.226203 0.329412 0.098039
indian.bmp
  21 -0.717067 -1.815368 75.990276 0.000000 0.000000 0.000000 0.000000 0.070588
  21 -0.237056 -1.247766 83.066767 0.000000 0.000000 0.000000 0.184314 0.105882
  21 1.252948 -1.022041 85.471895 0.000000 0.000000 0.000000 0.266667 0.054902
indian.bmp
  21 0.142933 -1.748743 75.889474 0.000000 0.000000 0.000000 0.000000 0.023529
  21 -0.717067 -1.815368 75.990276 0.000000 0.000000 0.000000 0.000000 0.070588
  21 1.252948 -1.022041 85.471895 0.000000 0.000000 0.000000 0.266667 0.054902
indian.bmp
  21 1.892944 -1.211083 82.708080 0.000000 0.000000 0.000000 0.196078 0.000000
  21 0.142933 -1.748743 75.889474 0.000000 0.000000 0.000000 0.000000 0.023529
  21 1.252948 -1.022041 85.471895 0.000000 0.000000 0.000000 0.266667 0.054902
indian.bmp
  21 -0.237056 -1.247766 83.066767 0.000000 0.000000 0.000000 0.184314 0.105882
  21 -0.717067 -1.815368 75.990276 0.000000 0.000000 0.000000 0.000000 0.070588
  21 1.252948 -1.022041 85.471895 0.000000 0.000000 0.000000 0.266667 0.054902
indian.bmp
  21 -0.717067 -1.815368 75.990276 0.000000 0.000000 0.000000 0.000000 0.070588
  21 0.142933 -1.748743 75.889474 0.000000 0.000000 0.000000 0.000000 0.023529
  21 1.252948 -1.022041 85.471895 0.000000 0.000000 0.000000 0.266667 0.054902
indian.bmp
  21 0.142933 -1.748743 75.889474 0.000000 0.000000 0.000000 0.000000 0.023529
  21 1.892944 -1.211083 82.708080 0.000000 0.000000 0.000000 0.196078 0.000000
  21 1.252948 -1.022041 85.471895 0.000000 0.000000 0.000000 0.266667 0.054902
newface3.bmp
  21 1.492930 -3.020904 74.654761 0.887129 0.310110 0.341811 0.811024 0.795276
  21 3.212923 -6.454575 73.259189 0.979120 0.055701 0.195504 0.661417 0.700787
  21 1.492926 -1.934478 70.999891 0.762904 0.641303 0.081900 0.866142 0.566929
newface3.bmp
  21 1.492926 -1.934478 70.999891 0.762904 0.641303 0.081900 0.866142 0.566929
  21 3.212923 -6.454575 73.259189 0.979120 0.055701 0.195504 0.661417 0.700787
  21 2.762920 -5.558939 70.232172 0.989119 0.040601 -0.141403 0.685039 0.496063
newface3.bmp
  21 3.212923 -6.454575 73.259189 0.979120 0.055701 0.195504 0.661417 0.700787
  21 2.502917 -9.446469 71.376860 0.858928 -0.477316 -0.185506 0.425197 0.566929
  21 2.762920 -5.558939 70.232172 0.989119 0.040601 -0.141403 0.685039 0.496063
newface3.bmp
  21 2.762920 -5.558939 70.232172 0.989119 0.040601 -0.141403 0.685039 0.496063
  21 2.502917 -9.446469 71.376860 0.858928 -0.477316 -0.185506 0.425197 0.566929
  21 2.502914 -9.593977 69.946041 0.741209 -0.666808 -0.077301 0.425197 0.480315
newface3.bmp
  21 2.502917 -9.446469 71.376860 0.858928 -0.477316 -0.185506 0.425197 0.566929
  21 -0.367085 -10.598551 71.426865 0.001200 -0.978529 -0.206106 0.220472 0.559055
  21 2.502914 -9.593977 69.946041 0.741209 -0.666808 -0.077301 0.425197 0.480315
newface3.bmp
  21 2.502914 -9.593977 69.946041 0.741209 -0.666808 -0.077301 0.425197 0.480315
  21 -0.367085 -10.598551 71.426865 0.001200 -0.978529 -0.206106 0.220472 0.559055
  21 0.602913 -10.314477 69.892425 0.528286 -0.848979 -0.012200 0.291339 0.464567
newface3.bmp
  21 -0.367085 -10.598551 71.426865 0.001200 -0.978529 -0.206106 0.220472 0.559055
  21 -0.357088 -11.449786 69.772961 0.006700 -0.969577 -0.244694 0.220472 0.456693
  21 0.602913 -10.314477 69.892425 0.528286 -0.848979 -0.012200 0.291339 0.464567
newface3.bmp
  21 0.602913 -10.314477 69.892425 0.528286 -0.848979 -0.012200 0.291339 0.464567
  21 -0.357088 -11.449786 69.772961 0.006700 -0.969577 -0.244694 0.220472 0.456693
  21 0.202912 -10.418879 69.146838 0.319703 -0.856409 -0.405404 0.259843 0.417323
newface3.bmp
  21 -0.357088 -11.449786 69.772961 0.006700 -0.969577 -0.244694 0.220472 0.456693
  21 -0.977088 -10.418877 69.146839 -0.248506 -0.898521 -0.361808 0.173228 0.417323
  21 0.202912 -10.418879 69.146838 0.319703 -0.856409 -0.405404 0.259843 0.417323
newface3.bmp
  21 0.202912 -10.418879 69.146838 0.319703 -0.856409 -0.405404 0.259843 0.417323
  21 -0.977088 -10.418877 69.146839 -0.248506 -0.898521 -0.361808 0.173228 0.417323
  21 0.842908 -9.828783 65.939691 0.376308 -0.792817 -0.479410 0.314961 0.196850
newface3.bmp
  21 -0.977088 -10.418877 69.146839 -0.248506 -0.898521 -0.361808 0.173228 0.417323
  21 -1.607092 -9.828779 65.939694 -0.391804 -0.646007 -0.655107 0.141732 0.204724
  21 0.842908 -9.828783 65.939691 0.376308 -0.792817 -0.479410 0.314961 0.196850
newface3.bmp
  21 0.842908 -9.828783 65.939691 0.376308 -0.792817 -0.479410 0.314961 0.196850
  21 -1.607092 -9.828779 65.939694 -0.391804 -0.646007 -0.655107 0.141732 0.204724
  21 1.242912 -7.451403 65.952563 0.634196 -0.333398 -0.697596 0.527559 0.188976
newface3.bmp
  21 -1.607092 -9.828779 65.939694 -0.391804 -0.646007 -0.655107 0.141732 0.204724
  21 -2.057088 -7.451399 65.952568 -0.707337 -0.375919 -0.598631 0.401575 0.141732
  21 1.242912 -7.451403 65.952563 0.634196 -0.333398 -0.697596 0.527559 0.188976
newface3.bmp
  21 1.242912 -7.451403 65.952563 0.634196 -0.333398 -0.697596 0.527559 0.188976
  21 -2.057088 -7.451399 65.952568 -0.707337 -0.375919 -0.598631 0.401575 0.141732
  11 -0.367093 -6.607289 62.006400 0.000300 -0.884099 -0.467300 0.566929 0.015748
newface3.bmp
  11 -3.167086 -3.014893 63.472700 -0.991791 0.045500 -0.119499 0.661417 0.102362
  21 -3.547080 -5.558931 70.232181 -0.989413 0.038601 -0.139902 0.685039 0.496063
  21 -2.297074 -1.934473 70.999897 -0.857190 0.437995 -0.270897 0.866142 0.566929
newface3.bmp
  21 -2.297074 -1.934473 70.999897 -0.857190 0.437995 -0.270897 0.866142 0.566929
  21 -3.547080 -5.558931 70.232181 -0.989413 0.038601 -0.139902 0.685039 0.496063
  21 -3.997077 -6.454566 73.259199 -0.979186 0.054899 0.195397 0.661417 0.700787
newface3.bmp
  21 -3.547080 -5.558931 70.232181 -0.989413 0.038601 -0.139902 0.685039 0.496063
  21 -3.287083 -9.446462 71.376868 -0.858928 -0.477315 -0.185506 0.425197 0.566929
  21 -3.997077 -6.454566 73.259199 -0.979186 0.054899 0.195397 0.661417 0.700787
newface3.bmp
  21 -3.997077 -6.454566 73.259199 -0.979186 0.054899 0.195397 0.661417 0.700787
  21 -3.287083 -9.446462 71.376868 -0.858928 -0.477315 -0.185506 0.425197 0.566929
  21 -3.287083 -10.278591 72.409176 -0.704802 -0.678102 -0.208401 0.425197 0.653543
newface3.bmp
  21 -3.287083 -9.446462 71.376868 -0.858928 -0.477315 -0.185506 0.425197 0.566929
  21 -0.367085 -10.598551 71.426865 0.001200 -0.978529 -0.206106 0.220472 0.559055
  21 -3.287083 -10.278591 72.409176 -0.704802 -0.678102 -0.208401 0.425197 0.653543
newface3.bmp
  21 -3.287083 -10.278591 72.409176 -0.704802 -0.678102 -0.208401 0.425197 0.653543
  21 -0.367085 -10.598551 71.426865 0.001200 -0.978529 -0.206106 0.220472 0.559055
  21 -0.367085 -11.268579 71.948268 0.001400 -0.996590 -0.082499 0.220472 0.598425
newface3.bmp
  21 -0.367085 -10.598551 71.426865 0.001200 -0.978529 -0.206106 0.220472 0.559055
  21 2.502917 -10.244267 72.384242 0.704784 -0.678185 -0.208195 0.425197 0.653543
  21 -0.367085 -11.268579 71.948268 0.001400 -0.996590 -0.082499 0.220472 0.598425
newface3.bmp
  21 -0.367085 -11.268579 71.948268 0.001400 -0.996590 -0.082499 0.220472 0.598425
  21 2.502917 -10.244267 72.384242 0.704784 -0.678185 -0.208195 0.425197 0.653543
  21 1.552922 -9.607183 75.259679 0.668077 -0.609180 0.427286 0.409449 0.858268
newface3.bmp
  21 2.502917 -10.244267 72.384242 0.704784 -0.678185 -0.208195 0.425197 0.653543
  21 3.212923 -6.454575 73.259189 0.979120 0.055701 0.195504 0.661417 0.700787
  21 1.552922 -9.607183 75.259679 0.668077 -0.609180 0.427286 0.409449 0.858268
newface3.bmp
  21 1.552922 -9.607183 75.259679 0.668077 -0.609180 0.427286 0.409449 0.858268
  21 3.212923 -6.454575 73.259189 0.979120 0.055701 0.195504 0.661417 0.700787
  21 1.562927 -6.005765 75.598480 0.820682 0.068298 0.567288 0.645669 0.850394
newface3.bmp
  21 3.212923 -6.454575 73.259189 0.979120 0.055701 0.195504 0.661417 0.700787
  21 1.492930 -3.020904 74.654761 0.887129 0.310110 0.341811 0.811024 0.795276
  21 1.562927 -6.005765 75.598480 0.820682 0.068298 0.567288 0.645669 0.850394
newface3.bmp
  21 0.602913 -10.314477 69.892425 0.528286 -0.848979 -0.012200 0.291339 0.464567
  21 0.842908 -9.828783 65.939691 0.376308 -0.792817 -0.479410 0.314961 0.196850
  21 2.502914 -9.593977 69.946041 0.741209 -0.666808 -0.077301 0.425197 0.480315
newface3.bmp
  21 2.502914 -9.593977 69.946041 0.741209 -0.666808 -0.077301 0.425197 0.480315
  21 0.842908 -9.828783 65.939691 0.376308 -0.792817 -0.479410 0.314961 0.196850
  21 1.742910 -8.813874 66.434926 0.870010 -0.134602 -0.474305 0.472441 0.236220
newface3.bmp
  21 0.842908 -9.828783 65.939691 0.376308 -0.792817 -0.479410 0.314961 0.196850
  21 1.242912 -7.451403 65.952563 0.634196 -0.333398 -0.697596 0.527559 0.188976
  21 1.742910 -8.813874 66.434926 0.870010 -0.134602 -0.474305 0.472441 0.236220
newface3.bmp
  21 1.742910 -8.813874 66.434926 0.870010 -0.134602 -0.474305 0.472441 0.236220
  21 1.242912 -7.451403 65.952563 0.634196 -0.333398 -0.697596 0.527559 0.188976
  21 2.762920 -5.558939 70.232172 0.989119 0.040601 -0.141403 0.685039 0.496063
newface3.bmp
  21 1.242912 -7.451403 65.952563 0.634196 -0.333398 -0.697596 0.527559 0.188976
  11 2.382914 -3.018002 63.482199 0.992063 0.043998 -0.117796 0.661417 0.102362
  21 2.762920 -5.558939 70.232172 0.989119 0.040601 -0.141403 0.685039 0.496063
newface3.bmp
  21 2.762920 -5.558939 70.232172 0.989119 0.040601 -0.141403 0.685039 0.496063
  11 2.382914 -3.018002 63.482199 0.992063 0.043998 -0.117796 0.661417 0.102362
  21 1.492926 -1.934478 70.999891 0.762904 0.641303 0.081900 0.866142 0.566929
newface3.bmp
  11 2.382914 -3.018002 63.482199 0.992063 0.043998 -0.117796 0.661417 0.102362
  11 1.142917 -1.247407 63.922997 0.679881 0.732379 0.037199 0.763780 0.125984
  21 1.492926 -1.934478 70.999891 0.762904 0.641303 0.081900 0.866142 0.566929
newface3.bmp
  21 1.492926 -1.934478 70.999891 0.762904 0.641303 0.081900 0.866142 0.566929
  11 1.142917 -1.247407 63.922997 0.679881 0.732379 0.037199 0.763780 0.125984
  11 -0.367082 -0.292336 63.929489 0.000000 0.992295 0.123899 0.818898 0.125984
newface3.bmp
  11 -2.027089 -4.903693 62.846086 -0.804217 -0.457310 -0.379608 0.551181 0.062992
  21 -2.057088 -7.451399 65.952568 -0.707337 -0.375919 -0.598631 0.535433 0.196850
  11 -3.167086 -3.014893 63.472700 -0.991791 0.045500 -0.119499 0.661417 0.102362
newface3.bmp
  11 -3.167086 -3.014893 63.472700 -0.991791 0.045500 -0.119499 0.661417 0.102362
  21 -2.057088 -7.451399 65.952568 -0.707337 -0.375919 -0.598631 0.535433 0.196850
  21 -3.547080 -5.558931 70.232181 -0.989413 0.038601 -0.139902 0.685039 0.496063
newface3.bmp
  21 -2.057088 -7.451399 65.952568 -0.707337 -0.375919 -0.598631 0.535433 0.196850
  21 -2.527090 -8.835189 66.441673 -0.870131 -0.143005 -0.471617 0.472441 0.236220
  21 -3.547080 -5.558931 70.232181 -0.989413 0.038601 -0.139902 0.685039 0.496063
newface3.bmp
  21 -3.547080 -5.558931 70.232181 -0.989413 0.038601 -0.139902 0.685039 0.496063
  21 -2.527090 -8.835189 66.441673 -0.870131 -0.143005 -0.471617 0.472441 0.236220
  21 -3.287086 -9.595537 69.955926 -0.739964 -0.668167 -0.077496 0.425197 0.480315
newface3.bmp
  21 -2.527090 -8.835189 66.441673 -0.870131 -0.143005 -0.471617 0.472441 0.236220
  21 -1.607092 -9.828779 65.939694 -0.391804 -0.646007 -0.655107 0.314961 0.196850
  21 -3.287086 -9.595537 69.955926 -0.739964 -0.668167 -0.077496 0.425197 0.480315
newface3.bmp
  21 -3.287086 -9.595537 69.955926 -0.739964 -0.668167 -0.077496 0.425197 0.480315
  21 -1.607092 -9.828779 65.939694 -0.391804 -0.646007 -0.655107 0.314961 0.196850
  21 -1.387087 -10.325919 69.900736 -0.521700 -0.853000 -0.014800 0.291339 0.464567
newface3.bmp
  21 -1.607092 -9.828779 65.939694 -0.391804 -0.646007 -0.655107 0.314961 0.196850
  21 -0.977088 -10.418877 69.146839 -0.248506 -0.898521 -0.361808 0.259843 0.417323
  21 -1.387087 -10.325919 69.900736 -0.521700 -0.853000 -0.014800 0.291339 0.464567
newface3.bmp
  21 -3.997077 -6.454566 73.259199 -0.979186 0.054899 0.195397 0.661417 0.700787
  21 -2.277070 -3.020899 74.654767 -0.982654 0.126294 0.135794 0.811024 0.795276
  21 -2.297074 -1.934473 70.999897 -0.857190 0.437995 -0.270897 0.866142 0.566929
newface3.bmp
  21 -3.997077 -6.454566 73.259199 -0.979186 0.054899 0.195397 0.661417 0.700787
  21 -2.347073 -6.005760 75.598486 -0.972392 0.035100 0.230698 0.645669 0.850394
  21 -2.277070 -3.020899 74.654767 -0.982654 0.126294 0.135794 0.811024 0.795276
newface3.bmp
  21 -3.997077 -6.454566 73.259199 -0.979186 0.054899 0.195397 0.661417 0.700787
  21 -2.337078 -9.607178 75.259684 -0.809711 -0.527607 0.256903 0.409449 0.858268
  21 -2.347073 -6.005760 75.598486 -0.972392 0.035100 0.230698 0.645669 0.850394
newface3.bmp
  21 -3.997077 -6.454566 73.259199 -0.979186 0.054899 0.195397 0.661417 0.700787
  21 -3.287083 -10.278591 72.409176 -0.704802 -0.678102 -0.208401 0.425197 0.653543
  21 -2.337078 -9.607178 75.259684 -0.809711 -0.527607 0.256903 0.409449 0.858268
newface3.bmp
  11 -3.167086 -3.014893 63.472700 -0.991791 0.045500 -0.119499 0.661417 0.102362
  21 -2.297074 -1.934473 70.999897 -0.857190 0.437995 -0.270897 0.866142 0.566929
  11 -1.927083 -1.247403 63.923001 -0.679764 0.732562 0.035698 0.763780 0.125984
newface3.bmp
  11 -1.927083 -1.247403 63.923001 -0.679764 0.732562 0.035698 0.763780 0.125984
  21 -2.297074 -1.934473 70.999897 -0.857190 0.437995 -0.270897 0.866142 0.566929
  11 -0.367082 -0.292336 63.929489 0.000000 0.992295 0.123899 0.818898 0.125984
newface3.bmp
  21 -2.297074 -1.934473 70.999897 -0.857190 0.437995 -0.270897 0.866142 0.566929
  21 1.492926 -1.934478 70.999891 0.762904 0.641303 0.081900 0.866142 0.566929
  11 -0.367082 -0.292336 63.929489 0.000000 0.992295 0.123899 0.818898 0.125984
newface3.bmp
  21 -3.547080 -5.558931 70.232181 -0.989413 0.038601 -0.139902 0.685039 0.496063
  21 -3.287086 -9.595537 69.955926 -0.739964 -0.668167 -0.077496 0.425197 0.480315
  21 -3.287083 -9.446462 71.376868 -0.858928 -0.477315 -0.185506 0.425197 0.566929
newface3.bmp
  21 -3.287083 -9.446462 71.376868 -0.858928 -0.477315 -0.185506 0.425197 0.566929
  21 -3.287086 -9.595537 69.955926 -0.739964 -0.668167 -0.077496 0.425197 0.480315
  21 -0.367085 -10.598551 71.426865 0.001200 -0.978529 -0.206106 0.220472 0.559055
newface3.bmp
  21 -3.287086 -9.595537 69.955926 -0.739964 -0.668167 -0.077496 0.425197 0.480315
  21 -1.387087 -10.325919 69.900736 -0.521700 -0.853000 -0.014800 0.291339 0.464567
  21 -0.367085 -10.598551 71.426865 0.001200 -0.978529 -0.206106 0.220472 0.559055
newface3.bmp
  21 -0.977088 -10.418877 69.146839 -0.248506 -0.898521 -0.361808 0.173228 0.417323
  21 -0.357088 -11.449786 69.772961 0.006700 -0.969577 -0.244694 0.220472 0.456693
  21 -1.387087 -10.325919 69.900736 -0.521700 -0.853000 -0.014800 0.141732 0.464567
newface3.bmp
  21 -1.387087 -10.325919 69.900736 -0.521700 -0.853000 -0.014800 0.141732 0.464567
  21 -0.357088 -11.449786 69.772961 0.006700 -0.969577 -0.244694 0.220472 0.456693
  21 -0.367085 -10.598551 71.426865 0.001200 -0.978529 -0.206106 0.220472 0.559055
newface3.bmp
  21 -2.337078 -9.607178 75.259684 -0.809711 -0.527607 0.256903 0.401575 0.850394
  21 -0.367085 -11.268579 71.948268 0.001400 -0.996590 -0.082499 0.220472 0.598425
  21 -0.357079 -10.401992 75.163890 0.003500 -0.964624 0.263606 0.220472 0.803150
newface3.bmp
  21 -0.357079 -10.401992 75.163890 0.003500 -0.964624 0.263606 0.220472 0.803150
  21 -0.367085 -11.268579 71.948268 0.001400 -0.996590 -0.082499 0.220472 0.598425
  21 1.552922 -9.607183 75.259679 0.668077 -0.609180 0.427286 0.409449 0.858268
newface3.bmp
  21 3.212923 -6.454575 73.259189 0.979120 0.055701 0.195504 0.661417 0.700787
  21 2.502917 -10.244267 72.384242 0.704784 -0.678185 -0.208195 0.425197 0.653543
  21 2.502917 -9.446469 71.376860 0.858928 -0.477316 -0.185506 0.425197 0.566929
newface3.bmp
  21 2.502917 -9.446469 71.376860 0.858928 -0.477316 -0.185506 0.425197 0.566929
  21 2.502917 -10.244267 72.384242 0.704784 -0.678185 -0.208195 0.425197 0.653543
  21 -0.367085 -10.598551 71.426865 0.001200 -0.978529 -0.206106 0.220472 0.559055
newface3.bmp
  21 -1.607092 -9.828779 65.939694 -0.391804 -0.646007 -0.655107 0.314961 0.196850
  21 -2.527090 -8.835189 66.441673 -0.870131 -0.143005 -0.471617 0.472441 0.236220
  21 -2.057088 -7.451399 65.952568 -0.707337 -0.375919 -0.598631 0.535433 0.196850
newface3.bmp
  21 2.762920 -5.558939 70.232172 0.989119 0.040601 -0.141403 0.685039 0.496063
  21 2.502914 -9.593977 69.946041 0.741209 -0.666808 -0.077301 0.425197 0.480315
  21 1.742910 -8.813874 66.434926 0.870010 -0.134602 -0.474305 0.472441 0.236220
newface3.bmp
  11 1.242911 -4.894190 62.849182 0.805034 -0.459819 -0.374816 0.551181 0.062992
  21 1.242912 -7.451403 65.952563 0.634196 -0.333398 -0.697596 0.527559 0.188976
  11 -0.367093 -6.607289 62.006400 0.000300 -0.884099 -0.467300 0.566929 0.015748
newface3.bmp
  21 -2.057088 -7.451399 65.952568 -0.707337 -0.375919 -0.598631 0.535433 0.196850
  11 -2.027089 -4.903693 62.846086 -0.804217 -0.457310 -0.379608 0.551181 0.062992
  11 -0.367093 -6.607289 62.006400 0.000300 -0.884099 -0.467300 0.448819 0.007874
newface3.bmp
  21 0.842908 -9.828783 65.939691 0.376308 -0.792817 -0.479410 0.314961 0.196850
  21 0.602913 -10.314477 69.892425 0.528286 -0.848979 -0.012200 0.291339 0.464567
  21 0.202912 -10.418879 69.146838 0.319703 -0.856409 -0.405404 0.259843 0.417323
newface3.bmp
  11 2.382914 -3.018002 63.482199 0.992063 0.043998 -0.117796 0.661417 0.102362
  21 1.242912 -7.451403 65.952563 0.634196 -0.333398 -0.697596 0.535433 0.196850
  11 1.242911 -4.894190 62.849182 0.805034 -0.459819 -0.374816 0.551181 0.062992
newface3.bmp
  21 -0.367085 -11.268579 71.948268 0.001400 -0.996590 -0.082499 0.220472 0.598425
  21 -2.337078 -9.607178 75.259684 -0.809711 -0.527607 0.256903 0.409449 0.858268
  21 -3.287083 -10.278591 72.409176 -0.704802 -0.678102 -0.208401 0.425197 0.653543
end
